81.904,3.3558,2.348,2.7889,0.6423,0.72966,4.3712,2.3699,0.015289,0.040215,0.11209,0.059933,0.42065,0.43404,0.1393,0.2688,-1
84.551,3.4464,3.624,2.3947,0.54812,0.77164,1.7547,1.5179,0.021829,0.0313,0.1239,0.071432,0.43012,0.3968,0.10444,0.21184,-1
77.077,11.582,1.6532,3.0932,0.64353,1.013,2.0911,0.49768,0.10605,0.11742,0.30519,0.18275,0.55762,0.44302,0.29138,0.34581,-1
73.885,15.217,1.2959,4.6981,0.38372,0.59622,1.1379,1.0798,0.073017,0.1189,0.2133,0.1684,0.39091,0.30468,0.19938,0.23729,-1
59.488,28.499,2.6503,5.9583,0.13943,0.40187,1.507,0.96235,0.024312,0.017652,0.047125,0.02276,0.096289,0.05865,0.049107,0.077596,-1
59.52,28.595,2.8842,5.2651,0.11902,0.46389,1.5585,1.1613,0.021585,0.030039,0.037587,0.021875,0.13901,0.066966,0.04841,0.066597,-1
59.562,28.401,3.0895,4.956,0.14812,0.51808,1.6198,1.2124,0.046931,0.013996,0.043644,0.021307,0.15669,0.089334,0.067003,0.054456,-1
59.622,27.952,3.2716,5.0787,0.21992,0.56397,1.6739,1.1114,0.040728,0.017299,0.061427,0.0238,0.1282,0.1035,0.087721,0.043974,-1
59.662,27.309,3.4467,5.6235,0.28258,0.59482,1.7045,0.91977,0.018601,0.02831,0.067321,0.025562,0.081852,0.09913,0.095324,0.041631,-1
59.681,26.51,3.6135,6.5146,0.28169,0.59211,1.6904,0.72099,0.025473,0.015105,0.053608,0.020709,0.062986,0.084352,0.084032,0.049248,-1
59.7,25.588,3.7507,7.6288,0.21637,0.53975,1.6138,0.58215,0.021828,0.020257,0.039146,0.021396,0.084761,0.072481,0.059422,0.061828,-1
59.761,24.568,3.8289,8.8177,0.14076,0.44504,1.4816,0.53147,0.018932,0.029854,0.041871,0.030721,0.11755,0.07091,0.040448,0.07587,-1
59.902,23.491,3.8366,9.9349,0.11517,0.34589,1.3387,0.55704,0.040419,0.015973,0.057508,0.03177,0.12448,0.079157,0.042248,0.086955,-1
60.133,22.42,3.7888,10.859,0.15286,0.2905,1.2548,0.62189,0.033413,0.021841,0.070038,0.023058,0.099974,0.090906,0.055364,0.083903,-1
74.263,14.439,1.3073,5.1983,0.56325,0.78123,1.3437,0.74004,0.07625,0.057562,0.16874,0.21475,0.18788,0.31004,0.18536,0.16341,-1
60.423,21.434,3.7131,11.512,0.21244,0.30493,1.2882,0.68522,0.016496,0.031155,0.069661,0.016404,0.070287,0.099384,0.059649,0.063571,-1
60.756,20.603,3.6247,11.852,0.23751,0.37484,1.4508,0.72087,0.028457,0.016187,0.055574,0.013276,0.063447,0.10241,0.05597,0.04519,-1
61.161,19.969,3.5222,11.871,0.20688,0.45547,1.6946,0.7284,0.02562,0.020611,0.037767,0.01268,0.082839,0.099835,0.062539,0.049293,-1
61.617,19.589,3.4145,11.613,0.15349,0.50118,1.9337,0.73032,0.023263,0.028708,0.034252,0.016511,0.10582,0.089959,0.081509,0.06851,-1
62.111,19.495,3.3199,11.14,0.12087,0.48931,2.0823,0.75069,0.046291,0.015037,0.047099,0.024614,0.1093,0.075474,0.093486,0.07925,-1
62.623,19.7,3.2572,10.517,0.12162,0.42907,2.0898,0.79205,0.037856,0.022703,0.056851,0.031695,0.093424,0.068458,0.087049,0.072661,-1
63.091,20.198,3.2285,9.7998,0.13452,0.35272,1.9546,0.83054,0.017329,0.029966,0.052835,0.027795,0.07618,0.079701,0.069852,0.057195,-1
63.443,20.96,3.2069,9.0253,0.13486,0.2948,1.7173,0.83672,0.02949,0.012975,0.0473,0.016467,0.074079,0.10471,0.051763,0.044808,-1
63.663,21.912,3.144,8.2144,0.12111,0.27198,1.4493,0.80428,0.029928,0.023136,0.054213,0.01318,0.089415,0.12505,0.039883,0.045177,-1
63.75,22.964,3.0027,7.4027,0.11747,0.27602,1.2398,0.75937,0.032449,0.035071,0.070882,0.01675,0.10735,0.12233,0.043951,0.059108,-1
74.538,14.219,1.3668,5.3609,0.41529,0.66249,1.1809,0.54604,0.066703,0.10028,0.22182,0.19343,0.33986,0.36386,0.16777,0.25702,-1
63.737,24.009,2.7755,6.64,0.14156,0.28335,1.1646,0.73902,0.057161,0.014366,0.08029,0.018424,0.11002,0.093627,0.063313,0.073216,-1
63.595,24.974,2.4934,5.9923,0.18612,0.2793,1.2534,0.76014,0.044939,0.016811,0.071559,0.022396,0.098389,0.059668,0.078726,0.073015,-1
63.284,25.815,2.2057,5.5147,0.22127,0.27675,1.468,0.8072,0.021096,0.027334,0.053107,0.025215,0.090073,0.05285,0.076659,0.060389,-1
62.833,26.479,1.9642,5.2326,0.21904,0.3125,1.7154,0.84721,0.03043,0.011548,0.038197,0.019431,0.095608,0.084715,0.067366,0.049858,-1
62.264,26.946,1.8282,5.1597,0.183,0.41802,1.8945,0.85793,0.028612,0.019599,0.033387,0.017805,0.10779,0.12645,0.063472,0.051442,-1
61.661,27.184,1.8503,5.2984,0.13723,0.57945,1.9418,0.84061,0.029459,0.033918,0.042863,0.028201,0.11341,0.1351,0.061222,0.063011,-1
61.057,27.203,2.066,5.653,0.11215,0.72794,1.8589,0.81295,0.056251,0.018095,0.058911,0.033762,0.10924,0.10116,0.055679,0.075659,-1
60.445,27.041,2.467,6.214,0.11914,0.7767,1.6968,0.78823,0.04947,0.020379,0.060723,0.026588,0.10506,0.057616,0.051359,0.081115,-1
59.815,26.728,2.9895,6.9486,0.14544,0.68606,1.5221,0.76101,0.028973,0.027994,0.049042,0.01849,0.11134,0.041089,0.050283,0.076765,-1
59.197,26.284,3.5297,7.7972,0.17058,0.50141,1.3889,0.71583,0.036782,0.011863,0.047834,0.018275,0.12402,0.056123,0.051591,0.068717,-1
74.845,14.096,1.4741,5.4284,0.25326,0.51982,0.92454,0.44236,0.054682,0.15645,0.24886,0.12946,0.46597,0.36285,0.19579,0.40255,-1
58.626,25.735,3.982,8.6929,0.18412,0.32966,1.3278,0.65063,0.030432,0.021033,0.060266,0.024123,0.12938,0.079506,0.061507,0.065167,-1
58.156,25.117,4.2676,9.5668,0.18313,0.26392,1.3409,0.59257,0.027457,0.036413,0.066499,0.0295,0.12086,0.088186,0.079634,0.063031,-1
57.797,24.503,4.3526,10.363,0.17187,0.31973,1.404,0.59075,0.054175,0.022223,0.060745,0.030936,0.10987,0.078515,0.087066,0.053512,-1
57.556,23.977,4.2357,11.032,0.15745,0.43208,1.4749,0.6872,0.04934,0.025173,0.0509,0.028461,0.11484,0.062853,0.072082,0.044125,-1
57.401,23.628,3.9454,11.536,0.15339,0.51284,1.5137,0.88926,0.030056,0.030773,0.040333,0.021289,0.13714,0.053963,0.051441,0.05636,-1
57.308,23.519,3.5331,11.848,0.17037,0.51293,1.5028,1.1588,0.037977,0.011867,0.035156,0.014988,0.15415,0.055024,0.045637,0.092306,-1
57.266,23.673,3.0725,11.961,0.20664,0.44391,1.4562,1.4225,0.032554,0.020087,0.046278,0.017226,0.1447,0.061944,0.053071,0.12239,-1
57.311,24.062,2.6422,11.876,0.24117,0.35258,1.409,1.5909,0.032517,0.033729,0.065984,0.020934,0.11401,0.068549,0.062134,0.11805,-1
57.469,24.643,2.3035,11.595,0.24742,0.28113,1.3935,1.5893,0.058802,0.015098,0.069127,0.020331,0.092922,0.069786,0.067015,0.085383,-1
57.739,25.361,2.079,11.117,0.21682,0.24398,1.417,1.395,0.047163,0.017963,0.05161,0.023055,0.10818,0.066002,0.064034,0.053355,-1
75.142,14.055,1.623,5.3658,0.24878,0.44662,0.7054,0.45349,0.083968,0.077024,0.21729,0.16635,0.41415,0.31776,0.26731,0.41578,-1
58.078,26.164,1.9563,10.44,0.1716,0.23311,1.4605,1.0654,0.022066,0.031033,0.03797,0.030558,0.14896,0.065408,0.054433,0.040265,-1
58.42,27.001,1.9112,9.5807,0.147,0.2373,1.4978,0.72762,0.033039,0.017866,0.041028,0.039638,0.17277,0.075508,0.051714,0.04611,-1
58.787,27.755,1.9247,8.5718,0.15182,0.25378,1.515,0.5208,0.031248,0.022683,0.049241,0.048529,0.15145,0.089369,0.064087,0.063194,-1
59.176,28.325,1.9931,7.4977,0.16283,0.28661,1.5203,0.52657,0.03024,0.030491,0.054551,0.046836,0.10453,0.089913,0.075792,0.079571,-1
59.599,28.619,2.1106,6.4746,0.14913,0.33589,1.5319,0.7218,0.05173,0.011382,0.055059,0.032736,0.079796,0.073834,0.068781,0.084386,-1
60.035,28.595,2.2568,5.6303,0.1131,0.39417,1.5611,0.99413,0.03881,0.016195,0.046459,0.022292,0.10363,0.061115,0.053306,0.078321,-1
60.476,28.24,2.4022,5.0794,0.093776,0.45286,1.6048,1.2065,0.015174,0.028042,0.037283,0.019852,0.15191,0.070509,0.052916,0.068898,-1
60.905,27.584,2.5286,4.9162,0.13048,0.50983,1.654,1.2691,0.026749,0.012935,0.044969,0.020004,0.17368,0.094779,0.070429,0.058875,-1
61.327,26.668,2.6379,5.1906,0.21379,0.56441,1.6985,1.1726,0.023863,0.019102,0.064153,0.024659,0.14549,0.11076,0.088813,0.049768,-1
61.738,25.543,2.7415,5.893,0.28329,0.6056,1.7258,0.97728,0.018718,0.030216,0.070418,0.027465,0.096855,0.10706,0.094162,0.047616,-1
75.502,14.095,1.7531,5.1453,0.39648,0.44979,0.60404,0.52787,0.055818,0.079882,0.16537,0.13324,0.2553,0.28277,0.26344,0.28997,-1
62.132,24.27,2.8419,6.9447,0.27921,0.61,1.7161,0.77119,0.0368,0.013951,0.05627,0.022169,0.076007,0.091714,0.082867,0.05494,-1
62.498,22.913,2.9249,8.2146,0.20156,0.55892,1.6509,0.62591,0.024521,0.018593,0.040937,0.022852,0.097968,0.078911,0.06052,0.067694,-1
62.816,21.537,2.9723,9.5456,0.11444,0.46155,1.534,0.57201,0.0065984,0.028957,0.043706,0.033699,0.13152,0.076768,0.043674,0.082557,-1
63.079,20.205,2.9796,10.785,0.088488,0.3596,1.4071,0.59816,0.021315,0.015844,0.060285,0.036594,0.13734,0.084658,0.046326,0.094726,-1
63.322,18.97,2.9598,11.803,0.13615,0.30427,1.3374,0.66617,0.018524,0.024645,0.071889,0.028257,0.11007,0.09616,0.059624,0.092159,-1
63.581,17.889,2.9328,12.499,0.20378,0.32218,1.3816,0.73184,0.015588,0.033447,0.068423,0.022117,0.079256,0.10519,0.063526,0.071187,-1
63.859,17.034,2.9125,12.827,0.22805,0.39733,1.5491,0.76701,0.038515,0.014164,0.052881,0.021935,0.076604,0.10998,0.059348,0.05236,-1
64.158,16.469,2.9026,12.792,0.19161,0.48239,1.7908,0.77207,0.027585,0.018177,0.036611,0.023293,0.10322,0.10901,0.066241,0.057231,-1
64.451,16.247,2.9085,12.449,0.13186,0.52913,2.0225,0.77089,0.0076705,0.02764,0.03507,0.026132,0.13034,0.099169,0.086099,0.077371,-1
64.711,16.393,2.9422,11.876,0.096944,0.5148,2.1635,0.78808,0.020748,0.014308,0.048922,0.031205,0.13033,0.083352,0.09888,0.086854,-1
75.825,14.174,1.7693,4.7525,0.52565,0.48629,0.62356,0.56869,0.054274,0.1574,0.1386,0.074039,0.1782,0.28605,0.1726,0.21426,-1
64.92,16.897,3.0108,11.149,0.1004,0.45008,2.1651,0.82609,0.015052,0.023828,0.05863,0.034168,0.10555,0.074674,0.093132,0.0764,-1
65.078,17.714,3.0974,10.323,0.11555,0.36839,2.0218,0.86073,0.0082113,0.030885,0.053162,0.028748,0.081304,0.084603,0.076241,0.05744,-1
65.188,18.769,3.1574,9.4357,0.11302,0.30523,1.7712,0.8626,0.030666,0.010227,0.045691,0.020643,0.079057,0.10896,0.05754,0.045075,-1
65.229,19.978,3.1411,8.5233,0.095812,0.27857,1.4892,0.82632,0.0252,0.018755,0.052291,0.021743,0.09849,0.12906,0.044284,0.048446,-1
65.175,21.259,3.0183,7.6302,0.090983,0.28037,1.2699,0.77852,0.010117,0.031337,0.070026,0.027695,0.12025,0.12604,0.046677,0.065271,-1
65.001,22.532,2.7954,6.8105,0.11847,0.28689,1.1906,0.75632,0.023537,0.012371,0.080146,0.028285,0.12416,0.096671,0.06438,0.079835,-1
64.702,23.712,2.5079,6.1178,0.16641,0.2818,1.2771,0.77606,0.016425,0.016772,0.070996,0.026859,0.10972,0.061734,0.078386,0.077605,-1
64.284,24.726,2.2078,5.5979,0.19977,0.27676,1.4868,0.82146,0.0079586,0.027154,0.05165,0.025457,0.095846,0.054207,0.075576,0.062477,-1
63.774,25.512,1.9524,5.2795,0.19165,0.30924,1.7261,0.85895,0.028622,0.0091149,0.035691,0.021954,0.097877,0.085918,0.066413,0.051063,-1
63.187,26.057,1.8056,5.1787,0.14919,0.41177,1.8957,0.86595,0.022905,0.015102,0.02993,0.025608,0.11059,0.12752,0.063301,0.053303,-1
76.109,14.272,1.6252,4.2305,0.49931,0.53797,0.72934,0.52088,0.085617,0.092401,0.13932,0.15638,0.26212,0.3195,0.14402,0.2763,-1
62.547,26.368,1.8258,5.3016,0.10457,0.57153,1.9365,0.84533,0.0088732,0.02909,0.039736,0.03959,0.11874,0.13594,0.061784,0.066015,-1
61.883,26.46,2.0458,5.646,0.086631,0.71928,1.8502,0.81574,0.022557,0.01501,0.057064,0.045648,0.11613,0.10175,0.056006,0.079578,-1
61.231,26.346,2.4496,6.1941,0.099944,0.76749,1.6859,0.78926,0.016817,0.019308,0.059548,0.035128,0.11221,0.057903,0.050461,0.08514,-1
60.627,26.035,2.9659,6.9058,0.1273,0.67611,1.509,0.75908,0.010468,0.026826,0.047389,0.02316,0.1176,0.041157,0.04835,0.079866,-1
60.096,25.551,3.4897,7.7223,0.14909,0.49184,1.374,0.70995,0.030647,0.0092883,0.045294,0.02342,0.12955,0.056349,0.049762,0.070767,-1
59.647,24.95,3.9208,8.5802,0.15753,0.32166,1.3108,0.64142,0.022807,0.017372,0.057097,0.032004,0.13444,0.079954,0.060173,0.066526,-1
59.271,24.306,4.1909,9.4203,0.15477,0.25715,1.3215,0.58137,0.0077039,0.032359,0.063478,0.038357,0.12441,0.088476,0.078676,0.063622,-1
58.958,23.702,4.2698,10.191,0.14597,0.3122,1.3826,0.57692,0.020839,0.018757,0.058227,0.037501,0.10925,0.078139,0.087066,0.052677,-1
58.711,23.208,4.1558,10.842,0.13737,0.42271,1.4533,0.66828,0.014606,0.022771,0.048543,0.030371,0.10825,0.061623,0.073421,0.041481,-1
58.556,22.872,3.8687,11.326,0.13834,0.5016,1.492,0.86254,0.0095464,0.028496,0.037814,0.021979,0.12698,0.052104,0.052954,0.05286,-1
76.435,14.373,1.3664,3.6642,0.36141,0.62323,0.89125,0.43596,0.060294,0.081771,0.16405,0.19499,0.3996,0.36619,0.23563,0.34723,-1
58.52,22.731,3.4554,11.606,0.1569,0.50025,1.4787,1.1228,0.031587,0.0089306,0.03269,0.020802,0.1463,0.052992,0.045893,0.08972,-1
58.597,22.814,2.9923,11.679,0.19203,0.4307,1.4273,1.3767,0.024709,0.016911,0.043737,0.029008,0.14289,0.060109,0.051928,0.12126,-1
58.755,23.139,2.5639,11.563,0.22565,0.34025,1.3754,1.5377,0.011199,0.030833,0.063114,0.034091,0.11674,0.067042,0.060125,0.11753,-1
58.965,23.69,2.2315,11.271,0.23332,0.27037,1.3567,1.5346,0.025655,0.013119,0.066727,0.029334,0.095198,0.068305,0.064501,0.084445,-1
59.216,24.415,2.0147,10.801,0.20654,0.23457,1.3779,1.346,0.016898,0.01665,0.050296,0.023644,0.10495,0.063907,0.061453,0.051112,-1
59.517,25.226,1.8967,10.137,0.16488,0.22428,1.4184,1.0264,0.0072839,0.029167,0.036678,0.025969,0.13915,0.062368,0.0523,0.036876,-1
59.88,26.025,1.8498,9.283,0.1396,0.22802,1.4503,0.69845,0.02896,0.014682,0.038768,0.038726,0.16012,0.071732,0.049769,0.043044,-1
60.279,26.728,1.8598,8.2899,0.14348,0.24385,1.4623,0.49905,0.024407,0.019106,0.046814,0.05464,0.14129,0.085366,0.061443,0.061729,-1
60.689,27.258,1.9241,7.2456,0.15502,0.27569,1.4641,0.50627,0.009354,0.027681,0.052432,0.055945,0.098686,0.086248,0.07225,0.079298,-1
61.084,27.554,2.0384,6.2626,0.14508,0.32362,1.4739,0.69668,0.022965,0.010074,0.053055,0.039815,0.075492,0.070906,0.065179,0.083869,-1
76.976,14.509,0.91763,2.7331,0.32789,0.85436,1.313,0.54836,0.08904,0.14091,0.24746,0.1242,0.33284,0.3749,0.27139,0.23968,-1
61.456,27.567,2.1824,5.4558,0.11394,0.38026,1.5018,0.96133,0.016661,0.015218,0.044854,0.023226,0.096648,0.058556,0.049854,0.076377,-1
61.82,27.271,2.326,4.9301,0.097455,0.43724,1.5444,1.1678,0.0070733,0.026212,0.036073,0.01469,0.14021,0.067377,0.048986,0.065293,-1
62.18,26.684,2.4504,4.7743,0.1321,0.49227,1.5922,1.2287,0.027715,0.010414,0.043152,0.014894,0.15859,0.090482,0.066152,0.054295,-1
62.521,25.857,2.559,5.0416,0.21084,0.54514,1.6365,1.1357,0.024015,0.016628,0.061548,0.024707,0.13043,0.10561,0.085207,0.04517,-1
62.825,24.849,2.6647,5.7271,0.27709,0.58573,1.6659,0.9475,0.0087779,0.028674,0.068057,0.031375,0.08403,0.10178,0.091579,0.04341,-1
63.075,23.718,2.7704,6.7622,0.27359,0.5915,1.6614,0.74869,0.020583,0.013727,0.05487,0.02587,0.065243,0.08691,0.080913,0.05125,-1
63.28,22.502,2.8607,8.0186,0.19927,0.54362,1.6034,0.60825,0.015245,0.018566,0.040017,0.023698,0.088158,0.074953,0.058886,0.064489,-1
63.45,21.25,2.9151,9.3409,0.11522,0.45019,1.4942,0.55656,0.0075458,0.028219,0.042306,0.031586,0.12286,0.07375,0.041925,0.07952,-1
63.601,20.018,2.9278,10.574,0.089596,0.3516,1.3733,0.58328,0.02697,0.014298,0.058091,0.033987,0.13075,0.082268,0.043875,0.091581,-1
63.748,18.873,2.9133,11.59,0.13516,0.29815,1.3074,0.65119,0.021213,0.022293,0.069712,0.026428,0.10483,0.093907,0.056655,0.088958,-1
77.066,11.751,1.7236,2.8327,0.49697,0.82914,1.9479,0.4761,0.12069,0.081209,0.31096,0.18966,0.72203,0.62687,0.40342,0.42116,-1
77.262,14.556,0.84361,2.4645,0.43875,0.86763,1.4789,0.71811,0.055395,0.074774,0.1893,0.15557,0.22103,0.29895,0.17013,0.20551,-1
63.885,17.895,2.8951,12.303,0.20211,0.31656,1.354,0.71746,0.0078107,0.031542,0.067128,0.019353,0.072987,0.10285,0.061147,0.067928,-1
64.006,17.154,2.8871,12.672,0.22769,0.39172,1.5236,0.75457,0.022218,0.013499,0.052341,0.015409,0.065997,0.10718,0.058062,0.048256,-1
64.117,16.703,2.8911,12.693,0.19337,0.47734,1.7685,0.76258,0.016349,0.018063,0.036511,0.013376,0.087057,0.10525,0.065481,0.052075,-1
64.233,16.577,2.9088,12.402,0.13395,0.5251,2.0044,0.76418,0.0088122,0.027232,0.035022,0.017007,0.11154,0.094575,0.08527,0.072542,-1
64.352,16.796,2.9507,11.867,0.096985,0.51168,2.1497,0.78357,0.028915,0.013437,0.048389,0.027101,0.11454,0.079078,0.097807,0.084009,-1
64.454,17.36,3.0256,11.165,0.097534,0.44774,2.1557,0.82342,0.021217,0.022915,0.057733,0.035194,0.095894,0.07182,0.091726,0.075574,-1
64.506,18.241,3.1204,10.362,0.11225,0.36709,2.0174,0.86038,0.0064251,0.03036,0.052861,0.030937,0.076553,0.083312,0.074526,0.057346,-1
64.479,19.383,3.194,9.5056,0.11325,0.30536,1.773,0.86556,0.022403,0.010208,0.046315,0.018539,0.075323,0.10865,0.055682,0.044207,-1
64.375,20.694,3.1915,8.62,0.098923,0.28009,1.4958,0.83234,0.017403,0.018949,0.053051,0.012731,0.092624,0.12922,0.042511,0.045921,-1
64.179,22.08,3.0799,7.7448,0.095486,0.28335,1.2791,0.78662,0.0099657,0.031206,0.07069,0.01496,0.11128,0.12626,0.045618,0.061356,-1
77.449,14.559,0.85222,2.3341,0.46445,0.745,1.4951,0.79868,0.066395,0.18001,0.13058,0.11525,0.23167,0.24665,0.13176,0.2005,-1
63.896,23.44,2.8614,6.9301,0.12231,0.29094,1.2019,0.76542,0.029859,0.01132,0.080847,0.018382,0.11384,0.096503,0.064621,0.076005,-1
63.508,24.697,2.5746,6.2372,0.16976,0.28649,1.292,0.78629,0.021274,0.015858,0.071646,0.022653,0.10105,0.061135,0.079705,0.075306,-1
63.012,25.78,2.2734,5.7169,0.20303,0.28187,1.508,0.83338,0.0057083,0.026871,0.052108,0.024239,0.090114,0.053657,0.077082,0.061853,-1
62.414,26.642,2.018,5.4015,0.19585,0.31551,1.7555,0.87303,0.02176,0.0089747,0.036275,0.019195,0.093909,0.086103,0.067413,0.051165,-1
61.736,27.262,1.8721,5.3061,0.15429,0.42068,1.9331,0.88191,0.016373,0.015345,0.030871,0.018249,0.107,0.12879,0.063658,0.053148,-1
61.021,27.632,1.894,5.4344,0.10858,0.5843,1.9787,0.86224,0.0076913,0.029113,0.040765,0.02786,0.11437,0.1377,0.061823,0.06508,-1
60.294,27.766,2.1188,5.787,0.089015,0.73582,1.8933,0.83313,0.028078,0.013948,0.058023,0.034034,0.11094,0.10306,0.056337,0.078197,-1
59.594,27.678,2.5314,6.3489,0.10079,0.78564,1.727,0.80696,0.020763,0.018233,0.060501,0.026902,0.10668,0.058355,0.051363,0.083866,-1
58.938,27.39,3.0616,7.0836,0.12797,0.69278,1.5474,0.77698,0.0072108,0.02639,0.048503,0.01728,0.11221,0.041133,0.049648,0.078842,-1
58.342,26.93,3.6032,7.9323,0.15063,0.50461,1.4109,0.72757,0.023361,0.0089373,0.046663,0.01773,0.12491,0.056602,0.051358,0.069991,-1
77.62,14.527,0.92333,2.3439,0.37418,0.54274,1.3245,0.72948,0.077648,0.16173,0.18366,0.14908,0.35804,0.30558,0.18172,0.19729,-1
57.826,26.341,4.0511,8.8261,0.16032,0.33041,1.3478,0.65818,0.01673,0.017828,0.058763,0.025279,0.13151,0.080979,0.062088,0.066307,-1
57.413,25.686,4.3314,9.6963,0.15829,0.26441,1.36,0.59718,0.0079047,0.033056,0.065233,0.030293,0.12297,0.090003,0.080556,0.063906,-1
57.112,25.044,4.4102,10.483,0.14876,0.32109,1.4229,0.59272,0.026946,0.018217,0.059706,0.031023,0.10865,0.079597,0.088494,0.05305,-1
56.913,24.5,4.288,11.137,0.13909,0.43446,1.4945,0.68615,0.019391,0.022212,0.049567,0.027971,0.10947,0.062992,0.074551,0.041986,-1
56.809,24.122,3.9898,11.621,0.1398,0.51533,1.5335,0.88525,0.0071221,0.028247,0.038525,0.019539,0.13038,0.053726,0.054029,0.053696,-1
56.811,23.953,3.5654,11.904,0.15997,0.51413,1.5201,1.1526,0.022884,0.008489,0.03358,0.013944,0.1491,0.054793,0.046995,0.090824,-1
56.917,24.014,3.0908,11.977,0.19746,0.44295,1.468,1.4138,0.016693,0.017246,0.04518,0.019355,0.14258,0.061706,0.053371,0.12259,-1
57.125,24.307,2.6494,11.849,0.23191,0.34988,1.4145,1.5789,0.010259,0.031316,0.064819,0.024359,0.11475,0.068449,0.062049,0.11891,-1
57.426,24.813,2.3042,11.527,0.23784,0.27763,1.394,1.5737,0.030753,0.012309,0.067953,0.021138,0.093907,0.069758,0.066367,0.085435,-1
57.797,25.483,2.077,11.01,0.2082,0.24033,1.4138,1.3771,0.021396,0.015605,0.050939,0.019955,0.10534,0.065449,0.062822,0.051882,-1
77.779,14.441,1.0611,2.4858,0.27472,0.38485,1.044,0.56872,0.06328,0.069691,0.26236,0.19565,0.45832,0.45328,0.24494,0.21335,-1
58.219,26.243,1.9525,10.298,0.16458,0.22943,1.4533,1.0469,0.0060153,0.02848,0.037436,0.025611,0.14123,0.06391,0.053398,0.037775,-1
58.687,26.999,1.9029,9.4014,0.13927,0.23325,1.4848,0.70973,0.021788,0.014439,0.040014,0.036025,0.16303,0.073347,0.050988,0.043759,-1
59.179,27.656,1.9115,8.3705,0.14374,0.24949,1.4962,0.50522,0.016196,0.019838,0.048201,0.047983,0.14335,0.087121,0.063006,0.062059,-1
59.685,28.126,1.9746,7.2888,0.15553,0.28184,1.4969,0.51226,0.0083602,0.02823,0.053671,0.047943,0.099058,0.087953,0.074018,0.079655,-1
60.192,28.344,2.0866,6.2667,0.14436,0.33011,1.5054,0.70583,0.029944,0.0094359,0.053992,0.032946,0.075147,0.072274,0.066645,0.084461,-1
60.693,28.267,2.2274,5.4223,0.11071,0.38694,1.532,0.97417,0.022358,0.014431,0.045288,0.019445,0.097271,0.059633,0.050962,0.077132,-1
61.179,27.881,2.3689,4.8693,0.093016,0.44431,1.5738,1.183,0.0056455,0.025372,0.036428,0.012854,0.14222,0.068567,0.050188,0.066142,-1
61.637,27.21,2.4935,4.7002,0.1297,0.50015,1.6215,1.2441,0.02173,0.0099566,0.044295,0.012235,0.16118,0.092147,0.067614,0.055076,-1
62.061,26.296,2.6027,4.9668,0.21192,0.55395,1.6657,1.149,0.017382,0.01784,0.063318,0.021031,0.13282,0.10768,0.086803,0.04564,-1
62.45,25.195,2.7076,5.6603,0.27999,0.59501,1.6942,0.95703,0.0083288,0.029986,0.069301,0.027191,0.085764,0.10375,0.09327,0.043548,-1
77.824,14.276,1.2689,2.7337,0.28101,0.37063,0.8041,0.42207,0.080895,0.14013,0.23736,0.11323,0.42154,0.53751,0.24871,0.24065,-1
62.799,23.961,2.8101,6.7054,0.27515,0.60022,1.6875,0.75412,0.028857,0.013376,0.055271,0.02154,0.066283,0.088366,0.08241,0.051404,-1
63.097,22.652,2.8969,7.9755,0.19842,0.55104,1.6268,0.61101,0.02256,0.017807,0.040358,0.020888,0.089115,0.076018,0.05976,0.065039,-1
63.35,21.316,2.9483,9.3155,0.11254,0.45593,1.5147,0.55846,0.0060376,0.027505,0.043035,0.030457,0.12426,0.074791,0.042415,0.080464,-1
63.563,20.008,2.9586,10.571,0.087056,0.35585,1.3915,0.58574,0.021147,0.013892,0.059203,0.032613,0.13227,0.083456,0.044598,0.092678,-1
63.757,18.794,2.9415,11.608,0.13444,0.3016,1.3247,0.65475,0.016269,0.023299,0.071055,0.024696,0.10625,0.095177,0.057483,0.090129,-1
63.945,17.75,2.9198,12.333,0.20308,0.32004,1.3717,0.72175,0.0072656,0.032796,0.068258,0.018105,0.074544,0.10418,0.061587,0.069034,-1
64.132,16.946,2.9065,12.696,0.22848,0.39566,1.5424,0.75857,0.030345,0.013496,0.052655,0.01452,0.067351,0.10856,0.058476,0.048976,-1
64.324,16.44,2.9041,12.7,0.19246,0.48166,1.7879,0.76549,0.024737,0.017323,0.036165,0.013012,0.087665,0.1065,0.066395,0.052445,-1
64.513,16.273,2.9169,12.395,0.13189,0.52954,2.0243,0.76618,0.0062261,0.026308,0.034959,0.016976,0.11197,0.095454,0.086248,0.072966,-1
64.668,16.465,2.956,11.856,0.095704,0.51595,2.1703,0.78551,0.020983,0.012914,0.048966,0.026,0.11578,0.079652,0.098409,0.084632,-1
77.841,14.042,1.5028,3.0421,0.37678,0.48295,0.71527,0.35427,0.067956,0.13961,0.16547,0.090463,0.30055,0.44176,0.20499,0.23195,-1
64.777,17.012,3.0291,11.161,0.0989,0.45144,2.1763,0.82599,0.015237,0.023598,0.058414,0.032753,0.097667,0.072359,0.092317,0.076187,-1
64.832,17.881,3.1216,10.364,0.11646,0.36994,2.0365,0.86344,0.0060915,0.031323,0.053196,0.028746,0.077947,0.084019,0.075156,0.057865,-1
64.829,19.011,3.1899,9.5007,0.11575,0.30723,1.7883,0.86809,0.029554,0.010119,0.046308,0.017619,0.076283,0.10957,0.055731,0.044693,-1
64.747,20.321,3.1832,8.6074,0.098251,0.2815,1.5077,0.83411,0.024076,0.018343,0.053079,0.012778,0.093532,0.13026,0.042201,0.046394,-1
64.567,21.714,3.0682,7.7268,0.092314,0.28475,1.2887,0.78778,0.0071459,0.030302,0.070821,0.015356,0.11207,0.12721,0.04588,0.061814,-1
64.266,23.093,2.8486,6.9152,0.11972,0.29269,1.2111,0.76684,0.022298,0.010967,0.081275,0.018738,0.11456,0.097311,0.065536,0.07647,-1
63.842,24.369,2.5609,6.2303,0.16883,0.28852,1.3021,0.78889,0.016014,0.017009,0.072349,0.02333,0.10233,0.061927,0.080517,0.075847,-1
63.313,25.467,2.2584,5.7179,0.20344,0.28401,1.5193,0.83747,0.007187,0.028053,0.052584,0.024881,0.091964,0.0545,0.077576,0.06254,-1
62.695,26.343,2.0013,5.4073,0.19592,0.31771,1.7678,0.87792,0.028317,0.0088796,0.036052,0.01903,0.095208,0.086913,0.067888,0.051931,-1
62.005,26.978,1.8539,5.3154,0.1525,0.42313,1.9456,0.88674,0.020218,0.014744,0.030302,0.018418,0.10769,0.12965,0.063987,0.053918,-1
77.777,13.735,1.6663,3.3605,0.43953,0.5908,0.77439,0.36661,0.051628,0.050305,0.13651,0.17244,0.24483,0.25982,0.17712,0.19736,-1
61.264,27.371,1.8773,5.4513,0.10664,0.58763,1.991,0.8671,0.0047565,0.028146,0.040871,0.028653,0.11536,0.13868,0.06178,0.065738,-1
60.503,27.528,2.1065,5.8134,0.088602,0.74005,1.9047,0.83808,0.020444,0.013291,0.058832,0.034266,0.11186,0.10379,0.056274,0.078679,-1
59.763,27.46,2.5253,6.3834,0.10297,0.79005,1.7371,0.81181,0.015469,0.019605,0.061086,0.028371,0.10746,0.058649,0.051727,0.084632,-1
59.078,27.184,3.0594,7.1216,0.13095,0.69627,1.556,0.78132,0.0098232,0.028145,0.0486,0.020699,0.11396,0.041425,0.050116,0.080048,-1
58.468,26.737,3.6028,7.9709,0.15266,0.5069,1.4182,0.73121,0.031139,0.009286,0.046838,0.019213,0.12673,0.057088,0.051456,0.070766,-1
57.947,26.168,4.0509,8.8644,0.1599,0.33172,1.3542,0.6609,0.021172,0.017517,0.058872,0.024383,0.13138,0.081328,0.062137,0.066298,-1
57.512,25.541,4.3326,9.737,0.15635,0.26538,1.3661,0.59931,0.005683,0.032275,0.065152,0.030209,0.12183,0.090199,0.08093,0.064001,-1
57.172,24.931,4.4142,10.528,0.1474,0.3225,1.4291,0.59513,0.020881,0.01761,0.060056,0.031119,0.10865,0.079936,0.088852,0.053553,-1
56.933,24.416,4.2943,11.186,0.13923,0.43676,1.501,0.68967,0.014467,0.023231,0.050374,0.026675,0.10991,0.063349,0.074643,0.042217,-1
56.805,24.058,3.9949,11.667,0.1401,0.51789,1.5396,0.88988,0.0088039,0.029668,0.03882,0.019146,0.12993,0.053759,0.054235,0.053719,-1
77.601,13.37,1.6779,3.6631,0.3898,0.56952,0.90743,0.43352,0.070172,0.11284,0.13325,0.14605,0.31956,0.20903,0.18632,0.21039,-1
56.789,23.909,3.5677,11.946,0.15927,0.51619,1.5252,1.1582,0.030207,0.0086414,0.033241,0.014744,0.14906,0.054718,0.047415,0.091272,-1
56.879,23.996,3.0906,12.021,0.19568,0.44434,1.472,1.4205,0.020395,0.016566,0.045122,0.017332,0.14313,0.061795,0.05351,0.12291,-1
57.066,24.32,2.6482,11.895,0.22998,0.3508,1.4178,1.5865,0.0069365,0.030308,0.065359,0.020662,0.114,0.068494,0.061928,0.11862,-1
57.332,24.855,2.3038,11.574,0.23682,0.27835,1.3972,1.5818,0.025397,0.011831,0.06848,0.020594,0.093096,0.069806,0.06651,0.08544,-1
57.671,25.549,2.0778,11.056,0.20848,0.24104,1.4178,1.3847,0.017194,0.016595,0.051146,0.020797,0.10675,0.065797,0.063162,0.05247,-1
58.081,26.324,1.9533,10.338,0.16495,0.23006,1.4586,1.0527,0.0063326,0.029492,0.037516,0.024665,0.14335,0.064367,0.053563,0.038102,-1
58.539,27.094,1.9035,9.4377,0.13866,0.23375,1.4913,0.71299,0.027129,0.014212,0.040053,0.035461,0.16404,0.073662,0.051069,0.043938,-1
59.029,27.763,1.9124,8.4027,0.14197,0.24985,1.5035,0.50647,0.019278,0.018932,0.048066,0.047638,0.14398,0.087493,0.063038,0.062497,-1
59.522,28.253,1.9776,7.3188,0.15354,0.28235,1.5054,0.51283,0.0051354,0.027186,0.053679,0.046092,0.099713,0.088429,0.07393,0.079923,-1
60.02,28.481,2.0923,6.2925,0.14272,0.33101,1.5149,0.70657,0.022776,0.0091751,0.054416,0.032735,0.075546,0.072554,0.066739,0.084648,-1
77.191,12.673,1.3844,4.2322,0.25972,0.34568,1.1989,0.66409,0.060842,0.071432,0.23981,0.20466,0.46264,0.48372,0.22671,0.30139,-1
60.513,28.403,2.2355,5.4436,0.10982,0.38827,1.5427,0.9753,0.017515,0.015563,0.045691,0.022272,0.09842,0.059858,0.051339,0.077944,-1
61,28.009,2.3783,4.8873,0.092781,0.44596,1.5856,1.1844,0.0063864,0.026403,0.036203,0.015562,0.14492,0.069216,0.050368,0.067388,-1
61.475,27.324,2.5027,4.7157,0.12918,0.50195,1.6335,1.2456,0.025013,0.0096961,0.043647,0.012985,0.16394,0.093113,0.067342,0.055912,-1
61.924,26.397,2.6119,4.9803,0.21055,0.55579,1.6767,1.1506,0.019026,0.016574,0.062997,0.02037,0.13383,0.10833,0.086492,0.04591,-1
62.328,25.287,2.7173,5.6745,0.27855,0.59699,1.7036,0.95855,0.0051528,0.028375,0.06968,0.026072,0.085514,0.10386,0.093438,0.043699,-1
62.686,24.044,2.8205,6.7232,0.27443,0.60232,1.6949,0.75568,0.019865,0.012897,0.05596,0.021066,0.066263,0.088337,0.0833,0.051595,-1
62.997,22.717,2.9064,7.9966,0.19782,0.55282,1.6322,0.6125,0.014216,0.019047,0.040788,0.021707,0.089587,0.076135,0.061252,0.065278,-1
63.267,21.358,2.9559,9.3378,0.11141,0.45706,1.5191,0.5599,0.005657,0.028843,0.042981,0.032174,0.12493,0.075019,0.0438,0.080964,-1
63.502,20.028,2.9646,10.593,0.085033,0.35635,1.3969,0.58719,0.02536,0.01393,0.058606,0.033752,0.13293,0.083589,0.045132,0.093286,-1
63.717,18.797,2.9484,11.629,0.13222,0.30169,1.3334,0.65624,0.018688,0.022446,0.070202,0.024402,0.10671,0.095074,0.057417,0.09043,-1
76.939,12.439,1.2951,4.4836,0.35417,0.43803,1.3275,0.78807,0.070038,0.096591,0.25709,0.20106,0.3863,0.43535,0.23316,0.25655,-1
63.917,17.738,2.9299,12.352,0.20201,0.31982,1.3864,0.7232,0.0058392,0.031563,0.067628,0.017056,0.07489,0.10391,0.061874,0.068978,-1
64.104,16.922,2.9218,12.714,0.23066,0.39507,1.5655,0.76014,0.022431,0.012569,0.05268,0.014069,0.06804,0.1084,0.05967,0.048894,-1
64.285,16.405,2.9264,12.717,0.19834,0.48065,1.8204,0.76728,0.015114,0.017967,0.03687,0.013685,0.088661,0.10667,0.068502,0.0526,-1
64.469,16.224,2.9462,12.406,0.13834,0.52829,2.0639,0.76763,0.0051406,0.02772,0.03563,0.018108,0.11247,0.0958,0.088862,0.073405,-1
64.635,16.404,2.9907,11.861,0.099761,0.51484,2.2113,0.7864,0.025901,0.013435,0.049183,0.026701,0.11546,0.079858,0.10074,0.085145,-1
64.769,16.945,3.067,11.159,0.098667,0.45073,2.2117,0.82661,0.019196,0.023052,0.058686,0.032214,0.096828,0.072332,0.093825,0.076273,-1
64.851,17.813,3.1605,10.358,0.11203,0.36956,2.0601,0.86424,0.0051895,0.030079,0.053984,0.027336,0.076961,0.083952,0.076032,0.057435,-1
64.859,18.947,3.2289,9.4952,0.11183,0.30715,1.7986,0.86938,0.022823,0.0089774,0.047246,0.017342,0.075775,0.10972,0.056311,0.044566,-1
64.78,20.259,3.2192,8.6007,0.097721,0.28165,1.5085,0.83547,0.017073,0.018272,0.053898,0.014591,0.094157,0.13074,0.042444,0.04708,-1
64.601,21.648,3.0978,7.7173,0.095261,0.28519,1.2896,0.78889,0.006403,0.03095,0.07203,0.01766,0.11368,0.1279,0.045779,0.062673,-1
77.105,11.91,1.8685,2.6046,0.50733,0.71838,1.8108,0.51461,0.052543,0.11283,0.29828,0.18485,0.73831,0.74122,0.39993,0.4334,-1
76.751,12.353,1.3287,4.6899,0.48131,0.67116,1.4011,0.85682,0.049471,0.1493,0.17482,0.1293,0.2995,0.25528,0.18929,0.22035,-1
64.317,23.015,2.8676,6.9003,0.12278,0.29322,1.2239,0.76725,0.025317,0.010955,0.082713,0.019354,0.11564,0.097704,0.065255,0.076634,-1
63.921,24.269,2.5684,6.2091,0.16917,0.28866,1.3379,0.78814,0.017759,0.016193,0.073309,0.022074,0.10176,0.061692,0.080319,0.075388,-1
63.4,25.349,2.2607,5.6924,0.20162,0.28359,1.5846,0.83558,0.0047353,0.027151,0.053058,0.023208,0.090337,0.053968,0.078403,0.061962,-1
62.767,26.207,2.0081,5.3806,0.19398,0.31668,1.8625,0.8753,0.022149,0.0086533,0.036283,0.018507,0.094067,0.08659,0.071118,0.051492,-1
62.047,26.824,1.8758,5.2901,0.15252,0.42133,2.0621,0.88406,0.017133,0.015618,0.030369,0.019202,0.10748,0.12941,0.069834,0.053708,-1
61.287,27.197,1.9192,5.4277,0.10837,0.58451,2.115,0.8646,0.008513,0.029165,0.040748,0.030196,0.11555,0.13815,0.068558,0.065807,-1
60.541,27.336,2.1668,5.789,0.089508,0.73538,2.018,0.8355,0.025158,0.013166,0.058715,0.035322,0.11226,0.10322,0.061794,0.078767,-1
59.822,27.27,2.6015,6.3585,0.10275,0.7849,1.8226,0.80921,0.016587,0.018374,0.061826,0.02684,0.10772,0.058598,0.055008,0.084222,-1
59.155,27.01,3.1459,7.097,0.13109,0.69203,1.6035,0.77874,0.0057349,0.026959,0.051009,0.017154,0.11327,0.041835,0.051616,0.079139,-1
58.557,26.581,3.6888,7.9488,0.15478,0.5041,1.4299,0.72875,0.023377,0.0095041,0.050736,0.017279,0.1255,0.057444,0.05208,0.07001,-1
76.488,12.417,1.4547,4.8271,0.51393,0.84381,1.3651,0.82058,0.058869,0.089314,0.13099,0.19379,0.29176,0.15238,0.11843,0.23345,-1
58.046,26.023,4.1221,8.8438,0.16394,0.33019,1.3476,0.65827,0.017945,0.019081,0.0634,0.025098,0.13055,0.081147,0.062245,0.065962,-1
57.623,25.396,4.3742,9.7148,0.1604,0.26441,1.3698,0.59589,0.011091,0.033533,0.069191,0.031722,0.1217,0.089468,0.08049,0.063799,-1
57.292,24.78,4.4187,10.502,0.15001,0.32116,1.4752,0.59026,0.028193,0.017586,0.062314,0.032052,0.10946,0.079288,0.088362,0.053336,-1
57.049,24.252,4.2641,11.153,0.1399,0.43444,1.6147,0.68247,0.01682,0.022101,0.050566,0.026473,0.11252,0.063439,0.075987,0.042113,-1
56.894,23.876,3.945,11.626,0.14002,0.51516,1.7314,0.87936,0.0050755,0.028336,0.038462,0.017929,0.13444,0.054392,0.060401,0.053672,-1
56.837,23.702,3.5219,11.897,0.15972,0.5143,1.786,1.1433,0.022627,0.0087025,0.033533,0.013928,0.15367,0.055066,0.059989,0.091006,-1
56.892,23.761,3.0767,11.96,0.19641,0.44373,1.772,1.4013,0.016373,0.018183,0.045436,0.018148,0.14555,0.061481,0.069758,0.12234,-1
57.06,24.062,2.6905,11.823,0.23056,0.35091,1.7128,1.5649,0.011336,0.031702,0.065094,0.021922,0.11431,0.067821,0.075665,0.11785,-1
57.334,24.584,2.4131,11.496,0.23798,0.27821,1.6408,1.5607,0.031233,0.012053,0.068794,0.020586,0.095291,0.069201,0.073266,0.084592,-1
57.695,25.274,2.2456,10.983,0.21319,0.2403,1.5771,1.3662,0.018585,0.015756,0.054073,0.01976,0.11604,0.065774,0.063951,0.051758,-1
76.188,12.645,1.6282,4.8945,0.42945,0.79666,1.2093,0.68591,0.060346,0.077741,0.1886,0.22842,0.367,0.21922,0.12692,0.25427,-1
58.126,26.051,2.1557,10.278,0.17868,0.22916,1.5276,1.0383,0.0038717,0.028376,0.044438,0.023489,0.15934,0.065379,0.052509,0.037757,-1
58.612,26.823,2.1076,9.3902,0.16451,0.23309,1.4959,0.70385,0.022535,0.014158,0.050386,0.034786,0.1784,0.075147,0.050679,0.043926,-1
59.132,27.492,2.0861,8.3622,0.1732,0.24937,1.4946,0.50294,0.016569,0.020151,0.058853,0.048716,0.14968,0.088105,0.063266,0.062701,-1
59.657,27.969,2.095,7.2785,0.17644,0.2814,1.5406,0.51331,0.0069678,0.028393,0.06132,0.048541,0.10141,0.08784,0.07442,0.080212,-1
60.159,28.183,2.1431,6.2524,0.15084,0.32894,1.6372,0.70827,0.026032,0.0093508,0.057653,0.033116,0.086342,0.072149,0.068317,0.084573,-1
60.621,28.088,2.2317,5.4046,0.11228,0.38515,1.7628,0.97599,0.01767,0.014717,0.046216,0.019604,0.12642,0.060974,0.055605,0.077247,-1
61.04,27.677,2.3585,4.8484,0.10876,0.44321,1.8807,1.184,0.0045691,0.02555,0.036305,0.012823,0.18358,0.071472,0.058422,0.066496,-1
61.433,26.978,2.5274,4.6735,0.17102,0.50176,1.9584,1.2456,0.022288,0.009736,0.043759,0.012142,0.19513,0.094706,0.078198,0.055314,-1
61.805,26.044,2.7425,4.9325,0.27149,0.55859,1.981,1.1513,0.017249,0.017192,0.062472,0.021264,0.14473,0.10776,0.096513,0.045699,-1
62.146,24.93,2.9948,5.6233,0.33598,0.59995,1.946,0.95904,0.0078519,0.028976,0.069117,0.027972,0.086637,0.10134,0.09867,0.043854,-1
75.929,13.033,1.8313,4.8952,0.32884,0.57404,0.99399,0.52563,0.050683,0.14256,0.2386,0.15295,0.45373,0.32982,0.23653,0.28435,-1
62.44,23.685,3.2517,6.6795,0.30768,0.60188,1.8532,0.75436,0.024356,0.012891,0.057388,0.022363,0.088029,0.08574,0.083352,0.052057,-1
62.682,22.352,3.4694,7.9715,0.20523,0.54908,1.7071,0.60912,0.015684,0.017726,0.046231,0.020762,0.15208,0.075544,0.060022,0.065736,-1
62.897,20.973,3.607,9.338,0.1125,0.45428,1.5352,0.55519,0.0042438,0.026898,0.052839,0.029755,0.21045,0.076962,0.045406,0.081036,-1
63.132,19.601,3.6449,10.619,0.10065,0.3589,1.3976,0.58202,0.022158,0.013122,0.070453,0.032234,0.19794,0.086459,0.049719,0.092818,-1
63.422,18.296,3.5923,11.676,0.16263,0.30926,1.3668,0.65098,0.020844,0.023066,0.079735,0.025237,0.12735,0.096274,0.061986,0.089632,-1
63.782,17.123,3.4809,12.397,0.23242,0.32454,1.4878,0.71746,0.020747,0.032412,0.072165,0.019391,0.076476,0.10198,0.064183,0.068555,-1
64.211,16.144,3.3437,12.718,0.26367,0.38407,1.7452,0.75297,0.040228,0.013006,0.053159,0.015418,0.10165,0.10452,0.059751,0.049544,-1
64.73,15.408,3.2089,12.622,0.27626,0.44195,2.0627,0.75786,0.023866,0.017864,0.036429,0.012961,0.17702,0.10355,0.067298,0.053822,-1
65.371,14.944,3.1013,12.152,0.31821,0.45865,2.3359,0.7555,0.0061681,0.027461,0.036313,0.01629,0.22323,0.094726,0.086919,0.073081,-1
66.169,14.762,3.0472,11.397,0.39603,0.42312,2.4742,0.76827,0.022572,0.014227,0.050415,0.024647,0.19182,0.079068,0.098201,0.081346,-1
75.615,13.534,2.0558,4.8087,0.32266,0.37085,0.81628,0.42493,0.078869,0.12081,0.22376,0.1686,0.47143,0.32671,0.30964,0.35197,-1
67.072,14.857,3.0768,10.475,0.46846,0.35353,2.4291,0.79274,0.017117,0.023404,0.060434,0.030102,0.11514,0.068541,0.090973,0.069668,-1
68.026,15.181,3.183,9.4628,0.47012,0.28315,2.2054,0.80152,0.0079634,0.029176,0.058269,0.025353,0.068313,0.074482,0.073319,0.050582,-1
68.994,15.658,3.3123,8.4019,0.38435,0.24401,1.8575,0.77038,0.022342,0.010309,0.05512,0.015135,0.088854,0.092971,0.054732,0.038693,-1
69.993,16.184,3.3749,7.3194,0.26514,0.2508,1.4749,0.70379,0.015341,0.018136,0.062412,0.010653,0.13932,0.10705,0.04214,0.039853,-1
71.004,16.666,3.3084,6.2633,0.20171,0.29262,1.1561,0.63261,0.0094698,0.02716,0.076659,0.012377,0.15445,0.10197,0.043005,0.050092,-1
72.03,17.032,3.083,5.2885,0.22782,0.33871,0.97084,0.5878,0.026555,0.009705,0.081439,0.015413,0.11927,0.077421,0.054023,0.057983,-1
72.963,17.276,2.7412,4.4622,0.31158,0.36324,0.93526,0.57733,0.022039,0.012736,0.069248,0.018634,0.083266,0.049796,0.060097,0.054795,-1
73.723,17.426,2.3366,3.8244,0.38989,0.36179,1.0102,0.58432,0.017785,0.021031,0.050104,0.0181,0.097987,0.039796,0.055331,0.043613,-1
74.246,17.533,1.9257,3.3904,0.4307,0.35312,1.1285,0.58529,0.048839,0.011926,0.035983,0.013058,0.15971,0.053228,0.049512,0.034869,-1
74.51,17.641,1.5653,3.1611,0.43496,0.36159,1.2274,0.56879,0.090265,0.02254,0.031365,0.012327,0.21651,0.073331,0.04833,0.034695,-1
75.331,14.117,2.2637,4.6122,0.41278,0.33368,0.74281,0.41472,0.064572,0.076161,0.18575,0.18478,0.40076,0.22588,0.25365,0.38132,-1
74.506,17.789,1.3266,3.1383,0.40641,0.39675,1.2726,0.54155,0.14412,0.037549,0.038807,0.01888,0.2197,0.077236,0.045515,0.041466,-1
74.13,18.039,1.2894,3.3296,0.3519,0.44476,1.2653,0.52133,0.20487,0.033283,0.052857,0.023223,0.1667,0.059767,0.038172,0.050021,-1
73.24,18.444,1.4909,3.7415,0.28339,0.47305,1.2284,0.51997,0.23142,0.043691,0.058249,0.01991,0.1002,0.037114,0.03332,0.054999,-1
71.757,19.019,1.8979,4.3735,0.21529,0.45235,1.1883,0.53259,0.2502,0.058201,0.051678,0.014723,0.070867,0.028827,0.036044,0.053295,-1
69.777,19.712,2.4206,5.2112,0.16201,0.38284,1.1645,0.54091,0.28898,0.051378,0.046743,0.014806,0.094911,0.040007,0.044929,0.048094,-1
67.545,20.421,2.9456,6.2201,0.14069,0.30319,1.169,0.53085,0.29144,0.054097,0.049815,0.020901,0.1421,0.059534,0.059532,0.046927,-1
65.345,21.057,3.3666,7.3453,0.15337,0.26593,1.2079,0.51255,0.24755,0.051904,0.054098,0.027616,0.16648,0.071731,0.077068,0.049801,-1
63.426,21.544,3.6166,8.5067,0.17023,0.29477,1.2719,0.52298,0.18379,0.023862,0.055033,0.030233,0.15246,0.069505,0.083906,0.047473,-1
61.937,21.829,3.6797,9.5991,0.16457,0.36303,1.3338,0.60594,0.092283,0.021646,0.050837,0.027468,0.12526,0.058654,0.070417,0.040783,-1
60.907,21.921,3.5739,10.514,0.14851,0.415,1.3616,0.77943,0.030866,0.027174,0.040056,0.020104,0.11401,0.050404,0.049456,0.047206,-1
74.856,15.36,2.306,3.831,0.48227,0.55119,0.79652,0.49441,0.074858,0.13818,0.11886,0.11669,0.29396,0.20414,0.18214,0.19351,-1
60.307,21.897,3.3298,11.175,0.15163,0.41174,1.3434,1.0147,0.02983,0.0077859,0.033573,0.015005,0.1181,0.050929,0.040484,0.073473,-1
60.063,21.885,2.9899,11.56,0.1751,0.35812,1.3018,1.2444,0.020155,0.017827,0.04584,0.017572,0.11798,0.058686,0.045969,0.098247,-1
60.09,21.99,2.617,11.68,0.19632,0.29021,1.2797,1.3897,0.017658,0.0332,0.066903,0.021074,0.10573,0.067617,0.056875,0.098119,-1
60.302,22.269,2.2783,11.552,0.19734,0.24212,1.3101,1.3916,0.0468,0.014072,0.069702,0.02036,0.094278,0.070461,0.065021,0.076113,-1
60.624,22.732,2.0179,11.186,0.17966,0.22458,1.3917,1.2375,0.039,0.018023,0.050915,0.019249,0.099341,0.064552,0.063712,0.052024,-1
60.99,23.351,1.8462,10.585,0.15731,0.2281,1.4895,0.97571,0.019255,0.030956,0.03512,0.021629,0.11839,0.058027,0.054483,0.039527,-1
61.376,24.057,1.755,9.7632,0.14192,0.24058,1.5587,0.70383,0.032262,0.014833,0.035268,0.031407,0.13142,0.063189,0.052182,0.042781,-1
61.782,24.755,1.7409,8.7651,0.13596,0.26084,1.5746,0.53031,0.024975,0.019053,0.042688,0.044486,0.12216,0.078422,0.064937,0.059322,-1
62.211,25.343,1.8068,7.6726,0.13093,0.29574,1.5445,0.52094,0.015603,0.027274,0.050642,0.0448,0.096437,0.085534,0.076389,0.077309,-1
62.656,25.746,1.944,6.595,0.11671,0.34741,1.497,0.66261,0.035362,0.0087662,0.054626,0.031781,0.079504,0.073935,0.068216,0.083613,-1
74.646,15.959,2.0802,3.3098,0.39605,0.60736,0.82318,0.52065,0.049765,0.083723,0.16804,0.1871,0.38541,0.28537,0.25557,0.24201,-1
63.101,25.908,2.1213,5.6496,0.097943,0.4063,1.4602,0.87074,0.024692,0.015778,0.047504,0.020709,0.090787,0.058079,0.049788,0.07738,-1
63.531,25.807,2.2954,4.9483,0.096529,0.45829,1.4498,1.0371,0.0068899,0.027257,0.038284,0.01429,0.11976,0.059526,0.044831,0.065799,-1
